NAVSTAR 22 (USA 66)
1 20959U 90103A   13146.68083966  .00000020  00000-0  00000+0 0  9833
2 20959 054.3890 224.7255 0116392 338.2936 159.1528 02.00562203164775
NAVSTAR 23 (USA 71)
1 21552U 91047A   13147.39372068  .00000060  00000-0  00000+0 0  9366
2 21552 054.3256 165.2224 0023946 050.0003 010.7277 01.91859037159884
NAVSTAR 26 (USA 83)
1 22014U 92039A   13147.32279140 -.00000044  00000-0  00000+0 0  7701
2 22014 056.0962 285.0660 0209547 070.8207 321.9610 02.00564890146510
NAVSTAR 27 (USA 84)
1 22108U 92058A   13147.09022227 -.00000067  00000-0  00000+0 0  6953
2 22108 056.2313 337.9899 0220233 307.8918 199.1681 02.00577651151691
NAVSTAR 33 (USA 92)
1 22700U 93042A   13147.00347685 -.00000066  00000-0  00000+0 0   182
2 22700 056.3858 339.5821 0171646 095.5207 042.1393 02.00668299145859
NAVSTAR 35 (USA 96)
1 22877U 93068A   13147.18352745  .00000057  00000-0  00000+0 0  3730
2 22877 053.7353 159.5224 0101092 055.3716 036.3897 02.00548642143502
NAVSTAR 36 (USA 100)
1 23027U 94016A   13147.09240590  .00000002  00000-0  00000+0 0  3321
2 23027 053.9251 096.1209 0081602 340.6627 263.2148 02.00562490140800
NAVSTAR 37 (USA 117)
1 23833U 96019A   13146.77555436 -.00000005  00000-0  10000-3 0  5302
2 23833 053.5450 091.5796 0160316 073.7633 287.9560 02.00561039125782
NAVSTAR 38 (USA 126)
1 23953U 96041A   13147.24809602  .00000018  00000-0  00000+0 0   213
2 23953 054.0612 220.7224 0122276 045.1085 039.4888 02.00567316123572
NAVSTAR 39 (USA 128)
1 24320U 96056A   13146.25421611 -.00000057  00000-0  10000-3 0  7764
2 24320 055.5812 040.5824 0026479 121.4165 238.8819 01.86497431121545
NAVSTAR 43 (USA 132)
1 24876U 97035A   13147.18085128 -.00000044  00000-0  00000+0 0  4881
2 24876 056.2422 285.4949 0049820 123.3790 266.7048 02.00555402116115
NAVSTAR 44 (USA 135)
1 25030U 97067A   13146.96709271 -.00000065  00000-0  00000+0 0  4362
2 25030 057.1932 346.1418 0130545 196.0990 304.4976 02.00559005113990
NAVSTAR 46 (USA 145)
1 25933U 99055A   13146.89183871  .00000047  00000-0  10000-3 0  9221
2 25933 050.9348 142.8223 0137631 066.6930 294.7478 02.00561209 99921
NAVSTAR 47 (USA 150)
1 26360U 00025A   13147.41989149  .00000019  00000-0  00000+0 0   142
2 26360 053.1750 216.6881 0051712 073.5375 218.4657 02.00556179 95628
NAVSTAR 48 (USA 151)
1 26407U 00040A   13147.06169343 -.00000052  00000-0  00000+0 0  9651
2 26407 056.3346 042.9897 0187882 258.7221 248.9056 02.00567318 94298
NAVSTAR 49 (USA 154)
1 26605U 00071A   13147.46094267 -.00000044  00000-0  00000+0 0  9797
2 26605 055.8222 283.8083 0071689 243.9729 120.9160 02.00554815 91890
NAVSTAR 50 (USA 156)
1 26690U 01004A   13147.37631035  .00000016  00000-0  00000+0 0  8605
2 26690 053.1318 219.7523 0145695 239.7318 156.0140 02.00570970 90318
NAVSTAR 51 (USA 166)
1 27663U 03005A   13147.44039522 -.00000054  00000-0  00000+0 0  2911
2 27663 056.4246 042.6165 0071362 003.9718 177.0642 02.00566919 75652
NAVSTAR 52 (USA 168)
1 27704U 03010A   13147.43799112  .00000055  00000-0  00000+0 0  1739
2 27704 053.3802 159.7202 0205809 238.0001 261.2473 02.00562281 74458
NAVSTAR 53 (USA 175)
1 28129U 03058A   13147.40593514  .00000016  00000-0  00000+0 0  7461
2 28129 053.0028 219.9004 0068579 243.7096 143.9955 02.00566124 69167
NAVSTAR 54 (USA 177)
1 28190U 04009A   13146.68975133  .00000015  00000-0  00000+0 0  7421
2 28190 055.1607 105.0238 0092546 016.2700 255.8054 02.00559862 67321
NAVSTAR 55 (USA 178)
1 28361U 04023A   13146.79592652 -.00000043  00000-0  00000+0 0  5598
2 28361 054.7662 280.4714 0086627 195.9708 302.2761 02.00559915 65408
NAVSTAR 56 (USA 180)
1 28474U 04045A   13147.32270056  .00000056  00000-0  00000+0 0  4466
2 28474 053.7907 158.5738 0125158 212.0516 311.9326 02.00563851 62771
NAVSTAR 57 (USA 183)
1 28874U 05038A   13147.00900087  .00000012  00000-0  00000+0 0  7063
2 28874 055.3190 102.0349 0085262 235.2556 164.6957 02.00568035 56192
NAVSTAR 58 (USA 190)
1 29486U 06042A   13147.34701390 -.00000069  00000-0  00000+0 0  1014
2 29486 056.1771 341.1581 0080244 316.5626 250.5922 02.00572263 48899
NAVSTAR 59 (USA 192)
1 29601U 06052A   13147.19586834 -.00000053  00000-0  00000+0 0  1294
2 29601 056.3847 041.5729 0044720 012.5236 127.1284 02.00577268 47808
NAVSTAR 60 (USA 196)
1 32260U 07047A   13147.37544525 -.00000043  00000-0  00000+0 0  8370
2 32260 053.9100 278.0893 0053583 007.1305 032.0853 02.00552568 41199
NAVSTAR 61 (USA 199)
1 32384U 07062A   13147.32599101  .00000014  00000-0  00000+0 0  8736
2 32384 055.3558 102.5261 0020649 298.3140 199.6660 02.00567628 39924
NAVSTAR 62 (USA 201)
1 32711U 08012A   13147.23135339 -.00000069  00000-0  10000-3 0  6290
2 32711 055.8907 340.9038 0063625 194.0422 165.7990 02.00561936 38135
NAVSTAR 63 (USA 203)
1 34661U 09014A   13147.36200571 -.00000056  00000-0  00000+0 0  6295
2 34661 056.0212 040.3266 0061103 047.5856 116.5475 02.00565462 30647
NAVSTAR 64 (USA 206)
1 35752U 09043A   13147.24894837  .00000020  00000-0  00000+0 0  3837
2 35752 054.3576 219.6092 0029834 010.6227 031.0272 02.00568783 27707
NAVSTAR 65 (USA 213)
1 36585U 10022A   13147.28045995 -.00000056  00000-0  00000+0 0  1948
2 36585 055.7444 039.3776 0025269 034.9791 136.8868 02.00552275 21955
NAVSTAR 66 (USA 232)
1 37753U 11036A   13146.96997407  .00000062  00000-0  00000+0 0  6570
2 37753 055.0217 159.8277 0018731 007.6280 022.9882 02.00560751 13639
NAVSTAR 67 (USA 239)
1 38833U 12053A   13147.41290759 -.00000071  00000-0  00000+0 0  2046
2 38833 054.9474 339.2622 0008745 010.5436 349.4892 02.00563198  4704
