0 IUE
1 10637U 78012A   13150.03465705  .00000000  00000-0  10000-3 0  8910
2 10637 043.9717 356.2281 1479447 181.6754 177.7489 01.00052600 81898
0 NIMBUS 7
1 11080U 78098A   13151.18875167 -.00000008  00000-0  32464-4 0  9763
2 11080 099.3258 262.7573 0007982 282.7586 138.2143 13.84185335747667
0 LANDSAT 4
1 13367U 82072A   13151.54018631  .00002243  00000-0  15070-3 0  3595
2 13367 098.2607 181.7829 0016946 160.5557 348.0404 15.07861589661663
0 IRAS
1 13777U 83004A   13151.17792750 -.00000228  00000-0 -12443-3 0  2353
2 13777 099.0033 348.1731 0018351 176.2196 290.0304 14.00205588219663
0 TDRS 1
1 13969U 83026B   13150.00722234  .00000000  00000-0  10000-3 0  5751
2 13969 013.9257 359.2028 0024277 125.7573 234.4399 00.98739819 83300
0 LANDSAT 5
1 14780U 84021A   13151.51984035  .00000462  00000-0  53846-4 0  9836
2 14780 098.0952 216.9137 0098422 341.7210 018.0479 14.87165057555870
0 ERBS
1 15354U 84108B   13150.84805415  .00004191  00000-0  18823-3 0  2324
2 15354 057.0179 294.5009 0016190 193.9702 166.0898 15.23156794571280
0 TDRS 3
1 19548U 88091B   13150.93838750 -.00000313  00000-0  00000+0 0   859
2 19548 014.1392 024.3555 0011270 355.4193 157.2185 01.00260619 77619
0 TDRS 4
1 19883U 89021B   13151.32343349 -.00000115  00000-0  00000+0 0  4151
2 19883 011.4709 031.0218 0010723 212.6253 147.2436 00.98484238261105
0 HIPPARCOS
1 20169U 89062B   13150.77189023 -.00000000  00000-0  37598-3 0  7051
2 20169 007.1783 004.9521 7187062 310.2445 006.1982 02.26037200161463
0 COBE
1 20322U 89089A   13151.44708730 -.00000013  00000-0  19531-4 0   536
2 20322 098.9992 162.1108 0009454 067.8071 084.1916 14.04553372205894
0 HST
1 20580U 90037B   13150.80758351  .00001749  00000-0  11254-3 0  2519
2 20580 028.4712 026.7633 0003064 161.9075 284.6081 15.03645162 67072
0 TDRS 5
1 21639U 91054B   13150.75156056  .00000079  00000-0  00000+0 0  3073
2 21639 012.7254 038.2567 0019350 000.5190 312.4689 01.00273934 79938
0 TOPEX/POSEIDON
1 22076U 92052A   13150.86059505 -.00000060  00000-0  54922-5 0   280
2 22076 066.0418 311.8795 0008144 271.7348 193.3015 12.80975467973153
0 TDRS 6
1 22314U 93003B   13150.84372397 -.00000301  00000-0  00000+0 0  3303
2 22314 012.1501 041.0733 0009316 354.9433 110.4411 01.00274077 74654
0 TDRS 7
1 23613U 95035B   13150.83832341 -.00000210  00000-0  00000+0 0  4740
2 23613 013.6574 031.7358 0031214 000.8463 242.2863 01.00278904 65461
0 XTE
1 23757U 95074A   13151.16349760  .00006392  00000-0  15153-3 0  9095
2 23757 022.9885 124.9692 0006068 186.1854 270.3794 15.38045336967367
0 FAST
1 24285U 96049A   13151.76586797  .00002328  00000-0  20435-3 0  7760
2 24285 082.9722 047.7716 1947076 282.9103 056.2538 11.37034061681699
0 PEGASUS R/B
1 24286U 96049B   13150.66406690  .00005757  00000-0  47314-3 0  5001
2 24286 082.9636 019.6171 1908756 174.4227 188.1917 11.45958124684953
0 ORBVIEW 2 (SEASTAR)
1 24883U 97037A   13151.41183552  .00000196  00000-0  87870-4 0   453
2 24883 098.4502 266.5968 0003226 146.4892 255.2017 14.32641733840259
0 TRMM
1 25063U 97074A   13151.17268545  .00019008  00000-0  26365-3 0  3371
2 25063 034.9582 147.2362 0001117 244.0877 188.9412 15.56089102885153
0 ISS (ZARYA)
1 25544U 98067A   13151.87210648  .00007181  00000-0  13077-3 0  9131
2 25544 051.6477 189.2422 0010243 020.0192 356.0459 15.50605330832175
0 SEA LAUNCH DEMO
1 25661U 99014A   13150.39968080 -.00000028  00000-0  80174-3 0  2689
2 25661 001.2998 320.7878 7150052 017.5941 355.9828 02.23247646115635
0 LANDSAT 7
1 25682U 99020A   13151.76482945  .00000227  00000-0  60377-4 0  1854
2 25682 098.1930 221.4300 0001375 104.3264 255.8074 14.57125781751446
0 ORION 3
1 25727U 99024A   13151.12934211  .00000083  00000-0 -36946-3 0  4810
2 25727 019.8304 057.2352 0041191 309.9361 196.5635 10.39140652573350
0 FUSE 1
1 25791U 99035A   13150.38944627  .00000337  00000-0  46794-4 0  5312
2 25791 024.9844 118.6545 0010378 322.3232 175.2761 14.42160054734913
0 CXO
1 25867U 99040B   13152.04903758 -.00000993  00000-0  00000+0 0  9078
2 25867 075.3364 340.4671 8574714 277.5537 359.7518 00.37802192 10477
0 TELSTAR 12 (ORION 2)
1 25949U 99059A   13148.79047863 -.00000135  00000-0  00000+0 0  3591
2 25949 000.0312 085.0627 0002735 000.3328 070.6488 01.00272358 49833
0 TERRA
1 25994U 99068A   13151.84870444  .00000326  00000-0  82409-4 0  1665
2 25994 098.2069 227.0228 0001401 098.1495 261.9838 14.57102387715536
0 GALAXY 11
1 26038U 99071A   13151.27503420 -.00000302  00000-0  10000-3 0  6109
2 26038 000.0383 254.9371 0000610 157.2542 240.0944 01.00271632 49322
0 IMAGE
1 26113U 00017A   13150.76260839  .00000000  00000-0  10000-3 0  3912
2 26113 092.9226 230.9596 7472497 115.3886 335.7425 01.68645517 81158
0 TDRS 8
1 26388U 00034A   13151.02405292 -.00000235  00000-0  00000+0 0  9078
2 26388 004.7094 071.8392 0003503 034.1480 240.2861 01.00265742 47409
0 AMC-7 (GE-7)
1 26495U 00054B   13151.40169042  .00000080  00000-0  00000+0 0  1698
2 26495 000.0199 031.4929 0002590 048.0793 177.0722 01.00273806 46577
0 NOAA 16
1 26536U 00055A   13151.42552229  .00000230  00000-0  14808-3 0  2299
2 26536 099.0442 204.0244 0010966 177.8121 308.3326 14.12878660654202
0 NSS 11 (AAP-1)
1 26554U 00059A   13151.78095304 -.00000361  00000-0  10000-3 0  3802
2 26554 000.0146 311.0710 0003126 127.2262 200.4670 01.00270253 46427
0 INTELSAT 1R (PAS 1R)
1 26608U 00072A   13151.35493483 -.00000299  00000-0  00000+0 0  7113
2 26608 000.0343 138.3510 0001941 232.3327 316.1258 01.00272679 45977
0 AMC-8 (GE-8)
1 26639U 00081B   13151.40215723  .00000087  00000-0  00000+0 0  1750
2 26639 000.0214 344.2933 0002306 077.5749 192.9516 01.00272535 45639
0 TDRS 9
1 27389U 02011A   13151.13216828 -.00000276  00000-0  10000-3 0  1548
2 27389 002.2375 113.0110 0015403 292.6214 209.7843 01.00266870 42667
0 AQUA
1 27424U 02022A   13150.85021123  .00000482  00000-0  11700-3 0  6798
2 27424 098.1985 092.4985 0001235 079.9547 342.0428 14.57117291588990
0 TDRS 10
1 27566U 02055A   13151.75988750  .00000068  00000-0  10000-3 0  8704
2 27566 002.2727 064.6481 0005398 200.8618 083.2715 01.00264248 38483
0 TDRS 11
1 39070U 13004A   13151.71056328  .00000097  00000-0  10000-3 0  1442
2 39070 006.9240 331.5949 0009232 230.0695 153.9084 01.00273494  1266
