0 JAS 2
1 24278U 96046B   14147.07409377 -.00000062  00000-0 -26464-4 0  3824
2 24278 098.5122 163.8442 0350123 352.6088 071.6022 13.53024602877811
0 OSCAR 7
1 07530U 74089B   14148.18519918 -.00000035  00000-0  50359-4 0  9752
2 07530 101.4698 130.6765 0011704 336.3986 088.8364 12.53605096809017
0 OSCAR 10
1 14129U 83058B   14145.22591207 -.00000075  00000-0  00000+0 0  1763
2 14129 026.3504 218.6026 5994075 359.3030 008.2114 02.05868283204774
0 OSCAR 11 (UoSAT 2)
1 14781U 84021B   14147.77107236  .00000386  00000-0  55777-4 0  5028
2 14781 097.8537 208.2946 0007657 240.2697 119.7754 14.81584396624946
0 ISS (ZARYA)
1 25544U 98067A   14148.52278351  .00005929  00000-0  10961-3 0  3754
2 25544 051.6478 197.0708 0003875 047.1535 097.8215 15.50570061888278
0 CUTE-1
1 27844U 03031E   14147.58921524  .00000159  00000-0  92451-4 0  9333
2 27844 098.6975 156.6585 0008951 341.6923 133.8544 14.21501247565650
0 AMSAT ECHO
1 28375U 04025K   14148.42225458  .00000159  00000-0  60098-4 0  8504
2 28375 098.2490 096.0056 0084010 052.8779 308.0050 14.41380968521060
0 HAMSAT
1 28650U 05017B   14148.48436208  .00000796  00000-0  97776-4 0  7492
2 28650 097.5595 154.4372 0024418 219.4015 140.5426 14.85445344490300
0 CUBESAT XI-V
1 28895U 05043F   14148.49783466  .00000431  00000-0  94789-4 0  7783
2 28895 097.8365 351.3876 0018720 075.5120 284.8158 14.61872797457377
0 CUTE-1.7+APD II
1 32785U 08021C   14148.15617962  .00000674  00000-0  84494-4 0  9609
2 32785 097.7009 200.1099 0012546 250.8411 173.3115 14.85260233329053
0 FUNCUBE-1
1 39444U 13066AE  14046.76952128  .00003249  00000-0  44823-3 0   651
2 39444 097.7893 121.5444 0062052 277.5295 081.8825 14.77533285 11539